function [sol]=Solid_OL(T,Cwol)
Tk=T+273.15;
a11=10^4.73;
a12=10^2.98;
a13=10^1.90;
H11=2.31;
H12=1.71;
H13=0.92;
b1=0.16;
k=8.6173324*10^-5;
sol=a11*exp(-H11/(k*Tk))+a12*exp(-H12/(k*Tk))+a13*Cwol*exp(-(H13-b1*Cwol^(1/3))/(k*Tk));